5 16 10
59.44937500 3.77250000 112.93937500 7.45944230 72.74562500 
20.05666815 2.47098032 16.00384952 1.14898986 14.22852481 
-0.22901374 1.19829448 -0.43607612 0.48666819 -1.35574961 
0.30651904 -0.09804240 -0.72802062 0.65647728 0.47451477 
2.40282982 0.97355401 0.89283346 1.39077524 -0.00397780 
-0.24641537 -0.87884164 -0.63712618 -1.83402243 -1.61714094 
-0.99884352 -0.56633195 -0.73742946 -0.93755666 -1.10327281 
-0.08136310 -0.28518818 0.10649869 0.83265708 -0.58044940 
0.88376527 0.40963908 0.10109504 0.89176993 0.66721635 
0.93823247 0.01127444 0.88101364 1.53295503 0.87979864 
0.90350600 1.23918728 0.43432587 0.18952765 1.11470667 
-1.58950175 -1.07305404 -1.75043996 -2.51219347 -0.09083406 
0.08464793 0.18512207 0.89893524 -1.22548624 0.09397829 
1.58709126 1.16829492 1.45665558 1.43706459 0.90380008 
0.92159701 0.16494635 -0.15608941 0.23209679 0.59800267 
0.28895088 0.58297721 1.02785802 -0.41440853 0.59100182 
0.84903864 -0.52674133 0.75518086 0.63928943 -0.30988670 
-0.34829069 1.24504241 0.03774668 -0.15647344 -0.42705138 
0.94823181 1.84690673 -1.47447628 -0.37659703 -1.85113575 -0.45056345 -0.35164832 -1.98376008 1.72601183 1.22583481 2.41430124 -0.48905043 1.01145486 -0.50250529 3.57577481 0.06601337 
-0.81050446 -1.33280052 0.48568429 1.32548706 2.10115327 -0.33214266 0.15578569 0.42495009 -0.79464148 1.09522531 -0.95825690 -0.16146277 0.08480230 0.20177090 -2.19760721 -0.46439679 
-0.39673931 -0.63440087 0.07979662 0.60123787 1.04809282 0.33779418 -0.21849780 0.12557094 -0.83061744 1.19195564 -0.28501074 0.65615342 -0.39342382 -0.65170006 -0.40304185 0.34246877 
0.58224796 -0.11161715 0.25469387 -0.06379826 0.12477545 0.50155427 0.00448940 -0.34520137 -0.98111402 1.14250467 0.65035711 -0.30744747 -0.34209633 -0.16669726 -0.15532303 -0.57506557 
0.33464660 0.22996909 -0.30108759 0.19668428 -1.41167818 -0.04802470 -0.17572852 0.15946077 -0.11300545 0.73085104 0.74584091 -0.09512271 -0.54151620 -0.52609576 0.55698835 0.60257879 
0.53849957 1.18699574 -0.79393464 -0.79766736 -0.46047245 0.02681021 -0.05172017 0.08974950 -0.63697290 -0.30687496 1.34245254 -0.82727332 -0.04425049 -0.18267830 0.96703334 -0.26266798 
0.19593062 0.48440803 -0.17340221 -0.92921179 -0.39092360 -0.11193057 -0.47828508 -0.05198958 0.28716248 -1.13813578 1.17460331 -1.53620553 0.52632909 -0.13150025 1.57160865 0.34055783 
0.36726255 0.59511295 -1.37776916 -1.07795338 0.02294305 0.18123428 -0.09498152 -1.47188360 0.87077989 -1.94526172 0.97106295 0.15259948 0.47335425 0.64069958 1.17282068 -0.30406310 
-0.41224742 0.46734999 -0.26516245 -0.11572128 -0.45266256 -0.11196804 0.71337771 -0.69804066 0.74767509 -1.26692062 0.22877513 0.70268191 0.14189100 0.23867865 1.00789571 0.32859059 
-0.58627248 -0.00748545 0.98946481 0.11809982 -0.01528858 -1.05406671 0.14652549 0.83299933 0.41083639 -0.74615427 -0.74927765 1.41879162 0.33671459 -0.10667865 -0.01017670 0.41612238 
-0.90557777 -0.52091700 2.63330930 -0.38346681 0.07994602 0.01150608 1.15562907 2.05901188 -0.46364921 -0.55577102 -1.15194733 1.51734542 -0.16943723 1.03503265 -1.88162478 0.02529938 
-1.10759059 -0.47014715 0.15000358 0.55424752 1.22368363 0.95192055 0.50974412 0.14652317 -0.17478401 -1.78360082 
